=== CODON DISTANCE MATRIX ===
       B1     B2     B3     B4     M1     M2     M3     M4
B1 0.0000 0.0610 0.0446 0.0573 0.0581 0.0700 0.0516 0.0928
B2 0.0610 0.0000 0.0545 0.0919 0.0617 0.0394 0.0736 0.0534
B3 0.0446 0.0545 0.0000 0.0635 0.0579 0.0591 0.0719 0.0836
B4 0.0573 0.0919 0.0635 0.0000 0.0782 0.0985 0.0672 0.1174
M1 0.0581 0.0617 0.0579 0.0782 0.0000 0.0628 0.0716 0.0849
M2 0.0700 0.0394 0.0591 0.0985 0.0628 0.0000 0.0899 0.0415
M3 0.0516 0.0736 0.0719 0.0672 0.0716 0.0899 0.0000 0.1038
M4 0.0928 0.0534 0.0836 0.1174 0.0849 0.0415 0.1038 0.0000
