=== DICODON DISTANCE MATRIX ===
       B1     B2     B3     B4     M1     M2     M3     M4
B1 0.0000 0.0198 0.0179 0.0228 0.0202 0.0198 0.0194 0.0235
B2 0.0198 0.0000 0.0189 0.0271 0.0203 0.0164 0.0219 0.0185
B3 0.0179 0.0189 0.0000 0.0228 0.0196 0.0185 0.0218 0.0222
B4 0.0228 0.0271 0.0228 0.0000 0.0250 0.0265 0.0237 0.0297
M1 0.0202 0.0203 0.0196 0.0250 0.0000 0.0193 0.0226 0.0228
M2 0.0198 0.0164 0.0185 0.0265 0.0193 0.0000 0.0229 0.0165
M3 0.0194 0.0219 0.0218 0.0237 0.0226 0.0229 0.0000 0.0252
M4 0.0235 0.0185 0.0222 0.0297 0.0228 0.0165 0.0252 0.0000
